# Calibration done 2019-03-09 23:16:23.880556
PixelSize1: 2.53e-05
PixelSize2: 2.53e-05
Distance: 0.12942728948403626
Poni1: 0.05033545211982521
Poni2: 0.002443410407924734
Rot1: 0.006707339600388991
Rot2: 0.0020557225737324655
Rot3: 1.3970543277951388e-07
Wavelength: 6.907197e-11
