# Calibration done 2019-03-10 12:06:33.642814
PixelSize1: 2.53e-05
PixelSize2: 2.53e-05
Distance: 0.1294309877681794
Poni1: 0.050335999978222516
Poni2: 0.002441112741227106
Rot1: 0.006690694689191022
Rot2: 0.002051379114381751
Rot3: -4.772176060989579e-08
Wavelength: 6.907e-11
